mag
5.4
6.1
6
5.4
5.2
5.1
5.5
5.2
5.3
5.2
5.1
5.2
5.2
5.1
5.7
5.3
5.1
5.1
5.3
5.7
6.4
5.6
5.3
5.7
5.3
5.2
5.2
5.4
5.3
5.3
5.1
5.1
5.7
5.2
5.6
5.1
5.4
5.3
5.2
5.3
5.3
5.1
5.4
5.5
5.1
5.5
5.4
5.1
5.1
5.4
5.1
5.1
5.7
5.1
5.5
5.1
5.1
5.1
5.3
5.7
5.3
5.4
5.1
5.1
5.1
5.1
5.5
5.4
5.2
5.1
5.4
5.2
5.5
5.5
5.5
5.1
5.5
5.4
5.5
5.4
5.9
5.3
5.2
5.6
5.2
5.2
5.1
5.1
5.1
5.2
5.7
5.1
5.1
5.3
5.1
5.1
5.6
5.6
5.4
5.6
5.1
5.5
5.2
5.3
5.3
5.2
5.2
5.2
5.1
5.6
5.1
5.2
5.2
5.3
5.9
5.4
5.3
5.1
5.1
5.3
5.1
5.1
5.3
5.2
5.1
5.2
5.1
5.2
5.7
6
5.2
5.4
5.5
5.2
5.1
5.1
5.6
5.3
5.1
5.4
5.6
5.4
5.2
5.4
5.5
5.5
5.4
5.4
5.2
5.2
6
